Data 2
ECF80-TRIODE
Do Not Model
Va	20	90	8
Vs	50	50	0
Vg	0	-2	5
Point	Curve	Ia	Is	Vg	Va	Vs	Vf
1	1	2.47	0.01	0.00	19.15	19.11	6.30
2	1	3.84	0.00	0.00	26.23	27.18	6.30
3	1	5.37	0.00	0.00	34.85	36.27	6.30
4	1	7.07	0.01	0.00	43.48	44.87	6.30
5	1	8.92	0.00	0.00	52.61	53.46	6.30
6	1	10.80	0.01	0.00	61.24	62.05	6.30
7	1	12.70	0.01	0.00	69.87	71.15	6.30
8	1	14.69	0.00	0.00	77.99	79.24	6.30
9	1	16.86	0.00	0.00	87.13	88.34	6.30
1	2	1.89	0.00	-0.40	19.65	20.12	6.30
2	2	2.90	0.00	-0.40	26.72	27.68	6.30
3	2	4.34	0.00	-0.40	34.84	36.27	6.30
4	2	5.94	0.01	-0.40	43.46	44.87	6.30
5	2	7.69	0.00	-0.40	52.08	53.46	6.30
6	2	9.53	0.01	-0.40	61.21	62.05	6.30
7	2	11.42	0.00	-0.40	69.84	71.15	6.30
8	2	13.32	0.00	-0.40	78.47	79.24	6.30
9	2	15.48	0.00	-0.40	87.08	88.32	6.30
1	3	0.96	0.00	-0.80	19.61	20.10	6.30
2	3	1.79	0.01	-0.80	26.70	27.18	6.30
3	3	3.00	0.00	-0.80	34.81	35.77	6.30
4	3	4.42	0.00	-0.80	43.43	44.87	6.30
5	3	6.06	0.00	-0.80	52.56	53.97	6.30
6	3	7.76	0.00	-0.80	61.18	62.05	6.30
7	3	9.51	0.00	-0.80	69.81	70.65	6.30
8	3	11.36	0.00	-0.80	77.91	79.22	6.30
9	3	13.44	0.01	-0.80	87.57	88.34	6.30
1	4	0.41	0.01	-1.20	20.11	20.10	6.30
2	4	0.95	0.01	-1.20	26.69	27.68	6.30
3	4	1.86	0.00	-1.20	35.30	36.27	6.30
4	4	3.07	0.01	-1.20	43.91	44.87	6.30
5	4	4.53	0.00	-1.20	52.03	53.46	6.30
6	4	6.11	0.00	-1.20	61.15	62.56	6.30
7	4	7.72	0.00	-1.20	69.75	71.13	6.30
8	4	9.60	0.00	-1.20	78.89	79.72	6.30
9	4	11.47	0.01	-1.20	87.01	88.32	6.30
1	5	0.14	0.01	-1.60	20.10	19.59	6.30
2	5	0.45	0.00	-1.60	27.18	27.18	6.30
3	5	1.10	0.00	-1.60	34.75	36.25	6.30
4	5	2.05	0.00	-1.60	43.39	44.36	6.30
5	5	3.26	0.00	-1.60	53.01	53.97	6.30
6	5	4.67	0.01	-1.60	61.13	62.56	6.30
7	5	6.17	0.00	-1.60	69.75	70.65	6.30
8	5	7.78	0.00	-1.60	77.84	79.22	6.30
9	5	9.63	0.00	-1.60	87.50	88.34	6.30
1	6	0.03	0.01	-2.00	20.10	20.60	6.30
2	6	0.18	0.00	-2.00	26.67	27.68	6.30
3	6	0.58	0.00	-2.00	35.27	36.27	6.30
4	6	1.28	0.00	-2.00	43.35	44.84	6.30
5	6	2.24	0.01	-2.00	52.47	53.44	6.30
6	6	3.43	0.00	-2.00	61.10	62.05	6.30
7	6	4.77	0.00	-2.00	69.70	70.62	6.30
8	6	6.30	0.00	-2.00	78.32	79.72	6.30
9	6	7.95	0.00	-2.00	87.45	88.32	6.30
