Data 2
ECF80-PENTODE
Do Not Model
Va	4	200	15
Vs	100	100	0
Vg	0	-2	4
Point	Curve	Ia	Is	Vg	Va	Vs	Vf
1	1	1.70	6.90	-0.50	5.45	100.07	6.30
2	1	5.91	3.02	-0.50	16.14	98.48	6.30
3	1	6.48	2.59	-0.50	28.28	98.47	6.30
4	1	6.79	2.37	-0.50	41.43	97.96	6.30
5	1	6.97	2.29	-0.50	53.56	97.96	6.30
6	1	7.10	2.23	-0.50	66.71	98.47	6.30
7	1	7.21	2.22	-0.50	79.85	98.47	6.30
8	1	7.24	2.20	-0.50	93.00	98.47	6.30
9	1	7.29	2.18	-0.50	105.13	98.47	6.30
10	1	7.35	2.16	-0.50	118.27	98.47	6.30
11	1	7.40	2.15	-0.50	131.92	98.97	6.30
12	1	7.47	2.13	-0.50	145.57	99.48	6.30
13	1	7.51	2.13	-0.50	158.21	99.48	6.30
14	1	7.55	2.12	-0.50	172.36	99.48	6.30
15	1	7.57	2.11	-0.50	185.00	99.48	6.30
16	1	7.59	2.10	-0.50	197.13	99.48	6.30
1	2	1.88	4.89	-0.88	5.96	100.03	6.30
2	2	4.64	2.25	-0.88	15.61	98.47	6.30
3	2	5.01	1.92	-0.88	28.25	98.46	6.30
4	2	5.18	1.77	-0.88	41.40	98.46	6.30
5	2	5.33	1.72	-0.88	53.53	98.46	6.30
6	2	5.37	1.67	-0.88	67.18	98.46	6.30
7	2	5.38	1.65	-0.88	79.82	97.95	6.30
8	2	5.38	1.63	-0.88	92.96	98.46	6.30
9	2	5.47	1.64	-0.88	105.10	98.46	6.30
10	2	5.49	1.62	-0.88	118.24	98.96	6.30
11	2	5.53	1.61	-0.88	131.89	99.47	6.30
12	2	5.57	1.60	-0.88	145.03	99.47	6.30
13	2	5.60	1.59	-0.88	158.18	99.47	6.30
14	2	5.62	1.58	-0.88	172.33	99.47	6.30
15	2	5.64	1.57	-0.88	184.46	99.47	6.30
16	2	5.66	1.57	-0.88	197.10	99.47	6.30
1	3	1.88	2.60	-1.25	5.96	99.99	6.30
2	3	3.04	1.40	-1.25	16.59	98.45	6.30
3	3	3.26	1.22	-1.25	28.22	98.45	6.30
4	3	3.36	1.13	-1.25	41.37	98.45	6.30
5	3	3.43	1.10	-1.25	54.51	98.45	6.30
6	3	3.45	1.07	-1.25	67.65	98.45	6.30
7	3	3.46	1.06	-1.25	80.29	98.45	6.30
8	3	3.47	1.05	-1.25	92.42	97.94	6.30
9	3	3.50	1.04	-1.25	105.06	98.45	6.30
10	3	3.55	1.04	-1.25	118.20	98.95	6.30
11	3	3.58	1.04	-1.25	132.86	99.46	6.30
12	3	3.60	1.03	-1.25	145.00	98.95	6.30
13	3	3.62	1.03	-1.25	158.65	99.46	6.30
14	3	3.64	1.02	-1.25	171.79	99.46	6.30
15	3	3.65	1.02	-1.25	184.93	99.46	6.30
16	3	3.66	1.01	-1.25	197.06	99.46	6.30
1	4	1.27	1.31	-1.62	5.94	99.97	6.30
2	4	1.74	0.78	-1.62	17.07	98.44	6.30
3	4	1.85	0.68	-1.62	28.70	98.44	6.30
4	4	1.90	0.63	-1.62	41.34	98.44	6.30
5	4	1.93	0.61	-1.62	54.48	98.44	6.30
6	4	1.93	0.60	-1.62	67.63	98.44	6.30
7	4	1.94	0.59	-1.62	80.26	98.44	6.30
8	4	1.93	0.58	-1.62	92.90	97.93	6.30
9	4	1.95	0.58	-1.62	105.54	98.44	6.30
10	4	1.99	0.58	-1.62	118.68	98.94	6.30
11	4	2.01	0.58	-1.62	131.83	99.45	6.30
12	4	2.02	0.58	-1.62	144.97	98.94	6.30
13	4	2.04	0.58	-1.62	158.62	99.45	6.30
14	4	2.05	0.57	-1.62	171.76	99.45	6.30
15	4	2.05	0.57	-1.62	184.40	99.45	6.30
16	4	2.06	0.57	-1.62	198.05	99.45	6.30
1	5	0.72	0.68	-2.00	5.93	99.96	6.30
2	5	0.93	0.41	-2.00	17.06	98.43	6.30
3	5	0.99	0.36	-2.00	28.69	98.43	6.30
4	5	1.01	0.33	-2.00	41.32	98.43	6.30
5	5	1.03	0.33	-2.00	54.47	98.43	6.30
6	5	1.03	0.32	-2.00	67.61	98.43	6.30
7	5	1.03	0.31	-2.00	80.25	98.94	6.30
8	5	1.03	0.31	-2.00	92.88	98.94	6.30
9	5	1.04	0.31	-2.00	105.52	98.43	6.30
10	5	1.06	0.31	-2.00	118.67	99.44	6.30
11	5	1.08	0.31	-2.00	131.81	98.94	6.30
12	5	1.09	0.31	-2.00	145.96	99.44	6.30
13	5	1.10	0.31	-2.00	159.11	99.44	6.30
14	5	1.10	0.31	-2.00	171.24	99.44	6.30
15	5	1.11	0.31	-2.00	184.89	99.44	6.30
16	5	1.11	0.31	-2.00	197.02	99.44	6.30
