Data 2
ECF80-TRIODE
Do Not Model
Va	20	90	8
Vs	50	50	0
Vg	0	-2	5
Point	Curve	Ia	Is	Vg	Va	Vs	Vf
1	1	1.81	0.00	0.00	18.64	19.11	6.30
2	1	2.79	0.00	0.00	26.21	27.68	6.30
3	1	3.92	0.00	0.00	34.83	36.27	6.30
4	1	5.13	0.00	0.00	43.44	44.87	6.30
5	1	6.38	0.00	0.00	52.56	53.46	6.30
6	1	7.68	0.01	0.00	61.18	62.05	6.30
7	1	8.97	0.00	0.00	69.80	70.65	6.30
8	1	10.30	0.00	0.00	77.91	79.24	6.30
9	1	11.78	0.00	0.00	87.54	88.34	6.30
1	2	1.36	0.00	-0.40	20.15	20.12	6.30
2	2	2.09	0.00	-0.40	26.20	27.18	6.30
3	2	3.12	0.00	-0.40	34.84	35.79	6.30
4	2	4.27	0.00	-0.40	43.43	44.87	6.30
5	2	5.50	0.00	-0.40	52.55	53.46	6.30
6	2	6.76	0.00	-0.40	61.16	62.05	6.30
7	2	8.05	0.01	-0.40	69.78	71.15	6.30
8	2	9.36	0.00	-0.40	78.40	79.24	6.30
9	2	10.84	0.00	-0.40	87.02	88.34	6.30
1	3	0.68	0.00	-0.80	20.11	20.10	6.30
2	3	1.25	0.00	-0.80	26.69	27.68	6.30
3	3	2.14	0.00	-0.80	35.30	36.27	6.30
4	3	3.15	0.00	-0.80	43.38	44.84	6.30
5	3	4.32	0.00	-0.80	52.50	53.44	6.30
6	3	5.53	0.00	-0.80	61.14	62.05	6.30
7	3	6.77	0.00	-0.80	69.76	70.65	6.30
8	3	8.05	0.00	-0.80	77.87	79.24	6.30
9	3	9.49	0.00	-0.80	87.50	88.34	6.30
1	4	0.26	0.00	-1.20	19.60	20.10	6.30
2	4	0.65	0.01	-1.20	27.19	27.18	6.30
3	4	1.31	0.00	-1.20	35.29	35.77	6.30
4	4	2.19	0.00	-1.20	43.39	44.87	6.30
5	4	3.22	0.01	-1.20	52.51	53.46	6.30
6	4	4.36	0.00	-1.20	61.12	62.56	6.30
7	4	5.53	0.00	-1.20	69.74	71.15	6.30
8	4	6.76	0.00	-1.20	77.82	79.22	6.30
9	4	8.16	0.01	-1.20	86.95	88.32	6.30
1	5	0.07	0.00	-1.60	20.10	20.10	6.30
2	5	0.26	0.00	-1.60	26.67	28.19	6.30
3	5	0.71	0.00	-1.60	34.77	36.27	6.30
4	5	1.40	0.00	-1.60	43.88	44.36	6.30
5	5	2.27	0.00	-1.60	52.47	53.44	6.30
6	5	3.29	0.00	-1.60	61.10	62.56	6.30
7	5	4.38	0.00	-1.60	69.72	71.15	6.30
8	5	5.55	0.01	-1.60	78.33	79.24	6.30
9	5	6.89	0.01	-1.60	87.45	88.85	6.30
1	6	0.01	0.00	-2.00	20.10	20.10	6.30
2	6	0.08	0.00	-2.00	26.67	27.68	6.30
3	6	0.33	0.00	-2.00	35.27	36.27	6.30
4	6	0.81	0.00	-2.00	43.85	44.34	6.30
5	6	1.52	0.00	-2.00	52.48	53.46	6.30
6	6	2.38	0.00	-2.00	61.09	62.05	6.30
7	6	3.34	0.01	-2.00	69.70	70.65	6.30
8	6	4.43	0.00	-2.00	77.78	79.22	6.30
9	6	5.68	0.00	-2.00	87.41	88.32	6.30
