Data 2
ECF80-PENTODE
Do Not Model
Va	6	200	12
Vs	100	100	0
Vg	0	-2	4
Point	Curve	Ia	Is	Vg	Va	Vs	Vf
1	1	2.73	5.56	-0.50	7.51	100.07	6.30
2	1	5.87	2.73	-0.50	20.69	98.48	6.30
3	1	6.44	2.31	-0.50	36.87	98.47	6.30
4	1	6.70	2.21	-0.50	53.08	98.49	6.30
5	1	6.85	2.15	-0.50	68.75	98.49	6.30
6	1	6.93	2.12	-0.50	84.42	98.49	6.30
7	1	7.01	2.11	-0.50	100.60	98.49	6.30
8	1	7.10	2.10	-0.50	116.27	98.49	6.30
9	1	7.18	2.09	-0.50	132.45	98.99	6.30
10	1	7.25	2.08	-0.50	148.62	99.50	6.30
11	1	7.30	2.06	-0.50	165.28	99.47	6.30
12	1	7.34	2.05	-0.50	181.97	99.47	6.30
13	1	7.39	2.04	-0.50	197.15	99.50	6.30
1	2	2.82	3.88	-0.88	7.51	100.04	6.30
2	2	4.65	2.08	-0.88	20.69	98.49	6.30
3	2	5.03	1.77	-0.88	37.38	98.48	6.30
4	2	5.19	1.68	-0.88	53.05	98.48	6.30
5	2	5.20	1.63	-0.88	69.22	98.48	6.30
6	2	5.27	1.62	-0.88	84.87	98.46	6.30
7	2	5.29	1.59	-0.88	100.54	98.46	6.30
8	2	5.36	1.59	-0.88	116.72	98.96	6.30
9	2	5.44	1.58	-0.88	133.40	99.47	6.30
10	2	5.45	1.56	-0.88	148.57	98.96	6.30
11	2	5.48	1.55	-0.88	165.78	99.49	6.30
12	2	5.51	1.54	-0.88	181.93	99.47	6.30
13	2	5.53	1.53	-0.88	198.11	99.47	6.30
1	3	2.28	2.13	-1.25	7.50	100.00	6.30
2	3	3.04	1.30	-1.25	21.14	98.45	6.30
3	3	3.26	1.12	-1.25	37.32	98.45	6.30
4	3	3.34	1.07	-1.25	52.99	98.45	6.30
5	3	3.36	1.05	-1.25	69.17	98.45	6.30
6	3	3.37	1.03	-1.25	84.84	98.45	6.30
7	3	3.40	1.02	-1.25	101.02	98.44	6.30
8	3	3.45	1.02	-1.25	116.69	98.95	6.30
9	3	3.49	1.01	-1.25	133.87	99.46	6.30
10	3	3.52	1.01	-1.25	148.53	99.46	6.30
11	3	3.53	1.00	-1.25	164.71	99.46	6.30
12	3	3.56	1.00	-1.25	181.90	99.46	6.30
13	3	3.57	0.99	-1.25	198.07	99.46	6.30
1	4	1.39	1.15	-1.62	7.46	99.96	6.30
2	4	1.73	0.72	-1.62	21.12	98.44	6.30
3	4	1.85	0.63	-1.62	36.79	98.44	6.30
4	4	1.89	0.60	-1.62	52.97	98.44	6.30
5	4	1.90	0.59	-1.62	69.65	98.44	6.30
6	4	1.90	0.58	-1.62	84.81	98.44	6.30
7	4	1.91	0.57	-1.62	99.98	98.44	6.30
8	4	1.95	0.57	-1.62	116.66	98.94	6.30
9	4	1.98	0.58	-1.62	132.84	99.45	6.30
10	4	1.99	0.57	-1.62	148.51	98.94	6.30
11	4	2.00	0.57	-1.62	165.69	99.45	6.30
12	4	2.02	0.56	-1.62	181.87	99.45	6.30
13	4	2.03	0.56	-1.62	198.05	99.45	6.30
1	5	0.77	0.60	-2.00	7.45	99.95	6.30
2	5	0.93	0.39	-2.00	21.10	98.43	6.30
3	5	0.99	0.34	-2.00	37.28	98.43	6.30
4	5	1.01	0.32	-2.00	52.95	98.43	6.30
5	5	1.02	0.31	-2.00	69.13	98.43	6.30
6	5	1.02	0.31	-2.00	84.80	98.43	6.30
7	5	1.02	0.31	-2.00	100.47	98.43	6.30
8	5	1.04	0.31	-2.00	116.64	98.94	6.30
9	5	1.06	0.31	-2.00	132.82	99.44	6.30
10	5	1.07	0.31	-2.00	149.50	99.44	6.30
11	5	1.08	0.31	-2.00	165.68	99.44	6.30
12	5	1.09	0.31	-2.00	181.85	99.44	6.30
13	5	1.10	0.30	-2.00	198.03	99.44	6.30
