Data 2
ECF80-TRIODE
Do Not Model
Va	20	90	8
Vs	50	50	0
Vg	0	-2	5
Point	Curve	Ia	Is	Vg	Va	Vs	Vf
1	1	1.10	0.00	0.00	19.18	19.16	6.30
2	1	1.84	0.00	0.00	26.77	27.24	6.30
3	1	2.83	0.01	0.00	35.38	36.34	6.30
4	1	3.87	0.00	0.00	43.49	44.94	6.30
5	1	4.97	0.01	0.00	52.10	53.02	6.30
6	1	6.23	0.00	0.00	61.22	62.12	6.30
7	1	7.39	0.00	0.00	69.84	70.72	6.30
8	1	8.62	0.00	0.00	77.93	79.29	6.30
9	1	9.97	0.00	0.00	87.58	88.91	6.30
1	2	0.89	0.00	-0.40	20.18	20.17	6.30
2	2	1.45	0.00	-0.40	25.75	27.24	6.30
3	2	2.38	0.00	-0.40	34.87	35.84	6.30
4	2	3.40	0.00	-0.40	43.48	44.94	6.30
5	2	4.48	0.00	-0.40	52.09	53.53	6.30
6	2	5.71	0.01	-0.40	61.22	62.63	6.30
7	2	6.88	0.00	-0.40	69.83	71.22	6.30
8	2	8.08	0.00	-0.40	78.44	79.31	6.30
9	2	9.45	0.00	-0.40	87.57	88.41	6.30
1	3	0.47	0.00	-0.80	20.18	20.17	6.30
2	3	0.89	0.01	-0.80	26.75	27.24	6.30
3	3	1.70	0.00	-0.80	35.36	36.34	6.30
4	3	2.64	0.00	-0.80	43.47	44.94	6.30
5	3	3.65	0.00	-0.80	52.58	53.02	6.30
6	3	4.82	0.00	-0.80	61.20	62.12	6.30
7	3	5.96	0.00	-0.80	69.79	71.20	6.30
8	3	7.15	0.00	-0.80	77.90	79.29	6.30
9	3	8.48	0.00	-0.80	87.55	88.91	6.30
1	4	0.19	0.00	-1.20	19.67	20.17	6.30
2	4	0.46	0.01	-1.20	25.74	26.74	6.30
3	4	1.08	0.00	-1.20	35.35	36.34	6.30
4	4	1.87	0.00	-1.20	43.45	44.94	6.30
5	4	2.82	0.00	-1.20	52.57	53.53	6.30
6	4	3.91	0.00	-1.20	61.18	62.12	6.30
7	4	5.00	0.01	-1.20	69.27	71.20	6.30
8	4	6.17	0.00	-1.20	78.41	79.31	6.30
9	4	7.44	0.00	-1.20	87.51	88.39	6.30
1	5	0.06	0.00	-1.60	20.17	20.17	6.30
2	5	0.20	0.00	-1.60	26.24	27.24	6.30
3	5	0.61	0.00	-1.60	35.34	36.34	6.30
4	5	1.23	0.00	-1.60	43.42	44.91	6.30
5	5	2.03	0.00	-1.60	52.05	53.02	6.30
6	5	3.03	0.01	-1.60	61.17	62.12	6.30
7	5	4.06	0.00	-1.60	69.78	71.22	6.30
8	5	5.14	0.00	-1.60	78.37	79.29	6.30
9	5	6.38	0.00	-1.60	87.49	88.39	6.30
1	6	0.01	0.00	-2.00	20.17	20.17	6.30
2	6	0.07	0.00	-2.00	26.23	27.24	6.30
3	6	0.31	0.00	-2.00	35.31	36.32	6.30
4	6	0.75	0.00	-2.00	43.92	44.91	6.30
5	6	1.39	0.00	-2.00	52.54	53.02	6.30
6	6	2.25	0.00	-2.00	61.13	62.61	6.30
7	6	3.16	0.01	-2.00	69.74	70.69	6.30
8	6	4.19	0.00	-2.00	77.85	79.29	6.30
9	6	5.37	0.00	-2.00	87.47	87.88	6.30
