Data 2
ECF80-TRIODE
Do Not Model
Va	20	90	8
Vs	50	50	0
Vg	0	-2	5
Point	Curve	Ia	Is	Vg	Va	Vs	Vf
1	1	1.02	0.00	0.00	19.17	19.16	6.30
2	1	1.69	0.01	0.00	25.76	26.74	6.30
3	1	2.63	0.00	0.00	34.87	36.34	6.30
4	1	3.65	0.00	0.00	43.49	44.43	6.30
5	1	4.74	0.00	0.00	52.10	53.02	6.30
6	1	5.94	0.01	0.00	61.22	62.12	6.30
7	1	7.09	0.00	0.00	69.83	70.72	6.30
8	1	8.29	0.00	0.00	78.45	79.31	6.30
9	1	9.60	0.00	0.00	87.04	88.39	6.30
1	2	0.93	0.01	-0.40	19.68	19.66	6.30
2	2	1.49	0.00	-0.40	26.26	27.24	6.30
3	2	2.40	0.00	-0.40	34.87	35.84	6.30
4	2	3.41	0.00	-0.40	43.48	44.94	6.30
5	2	4.50	0.00	-0.40	52.60	53.02	6.30
6	2	5.70	0.00	-0.40	61.22	62.12	6.30
7	2	6.85	0.00	-0.40	69.83	71.22	6.30
8	2	8.05	0.00	-0.40	77.94	79.31	6.30
9	2	9.38	0.00	-0.40	87.57	88.41	6.30
1	3	0.57	0.00	-0.80	20.18	19.66	6.30
2	3	1.03	0.00	-0.80	25.75	26.74	6.30
3	3	1.85	0.00	-0.80	35.37	36.34	6.30
4	3	2.79	0.00	-0.80	43.47	44.94	6.30
5	3	3.82	0.01	-0.80	52.59	53.53	6.30
6	3	5.01	0.00	-0.80	61.20	62.12	6.30
7	3	6.17	0.00	-0.80	69.82	71.22	6.30
8	3	7.34	0.00	-0.80	77.93	79.31	6.30
9	3	8.69	0.00	-0.80	87.55	88.41	6.30
1	4	0.27	0.00	-1.20	19.67	20.17	6.30
2	4	0.59	0.00	-1.20	25.74	27.24	6.30
3	4	1.26	0.01	-1.20	34.85	35.84	6.30
4	4	2.11	0.00	-1.20	43.44	44.91	6.30
5	4	3.07	0.00	-1.20	52.07	53.02	6.30
6	4	4.19	0.01	-1.20	61.19	62.63	6.30
7	4	5.31	0.00	-1.20	69.80	70.72	6.30
8	4	6.46	0.00	-1.20	77.91	79.31	6.30
9	4	7.77	0.00	-1.20	87.51	88.39	6.30
1	5	0.09	0.00	-1.60	20.17	19.66	6.30
2	5	0.27	0.00	-1.60	26.74	27.24	6.30
3	5	0.76	0.00	-1.60	34.84	35.84	6.30
4	5	1.45	0.00	-1.60	43.45	44.94	6.30
5	5	2.28	0.00	-1.60	51.53	53.51	6.30
6	5	3.33	0.00	-1.60	61.17	62.63	6.30
7	5	4.42	0.00	-1.60	69.79	70.72	6.30
8	5	5.57	0.00	-1.60	77.89	79.31	6.30
9	5	6.88	0.00	-1.60	87.52	88.41	6.30
1	6	0.02	0.00	-2.00	20.17	20.17	6.30
2	6	0.11	0.01	-2.00	26.24	26.74	6.30
3	6	0.42	0.00	-2.00	34.83	36.34	6.30
4	6	0.94	0.01	-2.00	43.92	44.91	6.30
5	6	1.66	0.00	-2.00	52.53	53.51	6.30
6	6	2.59	0.00	-2.00	61.16	62.12	6.30
7	6	3.56	0.00	-2.00	69.75	70.69	6.30
8	6	4.64	0.00	-2.00	78.36	79.29	6.30
9	6	5.88	0.01	-2.00	86.98	88.39	6.30
