Data 2
ECF80-TRIODE
Do Not Model
Va	20	90	8
Vs	50	50	0
Vg	0	-2	5
Point	Curve	Ia	Is	Vg	Va	Vs	Vf
1	1	2.49	0.00	0.00	19.18	19.13	6.30
2	1	3.86	0.00	0.00	26.79	27.22	6.30
3	1	5.37	0.00	0.00	35.38	35.79	6.30
4	1	7.05	0.00	0.00	44.03	44.91	6.30
5	1	8.79	0.00	0.00	52.15	53.00	6.30
6	1	10.75	0.00	0.00	61.28	62.61	6.30
7	1	12.61	0.00	0.00	69.91	70.69	6.30
8	1	14.57	0.00	0.00	78.01	79.26	6.30
9	1	16.71	0.00	0.00	87.15	88.36	6.30
1	2	2.04	0.00	-0.40	19.68	19.13	6.30
2	2	3.10	0.00	-0.40	26.27	27.73	6.30
3	2	4.51	0.00	-0.40	35.39	35.81	6.30
4	2	6.09	0.00	-0.40	43.48	44.89	6.30
5	2	7.72	0.00	-0.40	52.11	52.98	6.30
6	2	9.58	0.00	-0.40	61.26	62.10	6.30
7	2	11.37	0.00	-0.40	69.89	70.69	6.30
8	2	13.28	0.00	-0.40	77.99	79.26	6.30
9	2	15.38	0.00	-0.40	87.63	88.36	6.30
1	3	1.07	0.00	-0.80	20.16	19.64	6.30
2	3	1.85	0.00	-0.80	26.75	27.73	6.30
3	3	3.06	0.00	-0.80	35.36	35.81	6.30
4	3	4.48	0.00	-0.80	43.48	44.41	6.30
5	3	6.01	0.00	-0.80	52.10	53.00	6.30
6	3	7.70	0.00	-0.80	61.23	62.61	6.30
7	3	9.46	0.00	-0.80	69.83	71.18	6.30
8	3	11.26	0.00	-0.80	77.95	79.26	6.30
9	3	13.28	0.01	-0.80	87.59	88.36	6.30
1	4	0.44	0.00	-1.20	20.15	20.14	6.30
2	4	0.98	0.00	-1.20	26.73	27.73	6.30
3	4	1.90	0.01	-1.20	35.32	35.79	6.30
4	4	3.09	0.01	-1.20	43.43	44.39	6.30
5	4	4.46	0.00	-1.20	52.55	53.48	6.30
6	4	6.04	0.01	-1.20	61.17	62.08	6.30
7	4	7.61	0.00	-1.20	69.80	71.18	6.30
8	4	9.32	0.01	-1.20	78.42	79.26	6.30
9	4	11.27	0.00	-1.20	87.55	88.87	6.30
1	5	0.14	0.00	-1.60	20.15	20.14	6.30
2	5	0.45	0.00	-1.60	27.23	27.22	6.30
3	5	1.08	0.00	-1.60	34.82	36.32	6.30
4	5	2.00	0.00	-1.60	43.41	44.39	6.30
5	5	3.15	0.00	-1.60	52.02	52.98	6.30
6	5	4.56	0.00	-1.60	61.15	63.09	6.30
7	5	6.00	0.00	-1.60	69.77	70.67	6.30
8	5	7.58	0.01	-1.60	78.39	79.26	6.30
9	5	9.39	0.00	-1.60	87.52	88.87	6.30
1	6	0.03	0.00	-2.00	20.14	20.14	6.30
2	6	0.16	0.00	-2.00	26.72	27.22	6.30
3	6	0.53	0.01	-2.00	35.32	35.81	6.30
4	6	1.21	0.01	-2.00	43.92	44.91	6.30
5	6	2.09	0.00	-2.00	52.01	52.98	6.30
6	6	3.28	0.00	-2.00	61.13	62.08	6.30
7	6	4.57	0.00	-2.00	69.74	70.17	6.30
8	6	5.98	0.00	-2.00	77.86	79.26	6.30
9	6	7.66	0.00	-2.00	86.98	88.36	6.30
