Data 2
ECF80-TRIODE
Do Not Model
Va	20	90	8
Vs	50	50	0
Vg	0	-2	5
Point	Curve	Ia	Is	Vg	Va	Vs	Vf
1	1	2.34	0.00	0.00	19.13	19.09	6.30
2	1	3.73	0.00	0.00	26.74	27.68	6.30
3	1	5.30	0.01	0.00	34.85	35.77	6.30
4	1	7.05	0.00	0.00	43.48	44.36	6.30
5	1	8.97	0.00	0.00	52.61	53.46	6.30
6	1	10.99	0.00	0.00	61.24	62.05	6.30
7	1	13.01	0.00	0.00	69.87	70.65	6.30
8	1	15.10	0.00	0.00	78.50	79.24	6.30
9	1	17.47	0.00	0.00	87.14	88.34	6.30
1	2	1.77	0.00	-0.40	20.13	19.59	6.30
2	2	2.81	0.00	-0.40	26.72	27.68	6.30
3	2	4.27	0.01	-0.40	35.34	36.27	6.30
4	2	5.94	0.00	-0.40	43.46	44.87	6.30
5	2	7.77	0.00	-0.40	52.59	53.46	6.30
6	2	9.70	0.00	-0.40	61.22	62.05	6.30
7	2	11.68	0.00	-0.40	69.85	71.15	6.30
8	2	13.76	0.01	-0.40	78.48	79.24	6.30
9	2	16.07	0.00	-0.40	87.11	88.34	6.30
1	3	0.88	0.00	-0.80	20.11	20.10	6.30
2	3	1.70	0.00	-0.80	27.21	27.18	6.30
3	3	2.90	0.01	-0.80	34.81	36.27	6.30
4	3	4.34	0.01	-0.80	43.43	44.36	6.30
5	3	6.02	0.01	-0.80	52.56	53.97	6.30
6	3	7.86	0.00	-0.80	61.69	62.05	6.30
7	3	9.69	0.00	-0.80	69.81	71.15	6.30
8	3	11.69	0.00	-0.80	77.93	79.24	6.30
9	3	13.91	0.00	-0.80	87.58	88.85	6.30
1	4	0.36	0.01	-1.20	20.10	20.10	6.30
2	4	0.87	0.00	-1.20	27.19	27.68	6.30
3	4	1.77	0.00	-1.20	34.79	36.27	6.30
4	4	3.00	0.00	-1.20	43.40	44.87	6.30
5	4	4.46	0.01	-1.20	52.53	53.46	6.30
6	4	6.12	0.00	-1.20	61.13	62.03	6.30
7	4	7.83	0.00	-1.20	69.78	71.15	6.30
8	4	9.67	0.01	-1.20	78.38	79.22	6.30
9	4	11.79	0.00	-1.20	87.01	88.32	6.30
1	5	0.11	0.01	-1.60	20.10	20.10	6.30
2	5	0.39	0.01	-1.60	26.68	27.18	6.30
3	5	1.02	0.00	-1.60	34.75	36.25	6.30
4	5	1.96	0.00	-1.60	43.36	44.84	6.30
5	5	3.18	0.00	-1.60	52.51	53.97	6.30
6	5	4.61	0.00	-1.60	61.13	62.05	6.30
7	5	6.17	0.00	-1.60	69.72	70.62	6.30
8	5	7.96	0.00	-1.60	78.86	79.22	6.30
9	5	9.82	0.00	-1.60	87.51	88.34	6.30
1	6	0.02	0.00	-2.00	20.10	20.10	6.30
2	6	0.14	0.00	-2.00	26.67	27.68	6.30
3	6	0.52	0.00	-2.00	34.77	35.77	6.30
4	6	1.19	0.01	-2.00	43.88	44.87	6.30
5	6	2.16	0.00	-2.00	52.47	53.44	6.30
6	6	3.36	0.00	-2.00	61.08	62.03	6.30
7	6	4.70	0.00	-2.00	69.70	71.13	6.30
8	6	6.33	0.00	-2.00	78.83	79.72	6.30
9	6	8.01	0.00	-2.00	87.45	88.32	6.30
