Data 2
ECF80-TRIODE
Do Not Model
Va	4	120	30
Vs	50	50	0
Vg	0	-2	4
Point	Curve	Ia	Is	Vg	Va	Vs	Vf
1	1	0.76	0.00	0.00	5.43	5.92	6.30
2	1	1.10	0.01	0.00	8.97	8.45	6.30
3	1	1.60	0.01	0.00	12.52	12.49	6.30
4	1	2.21	0.00	0.00	16.07	16.03	6.30
5	1	2.73	0.00	0.00	18.61	18.56	6.30
6	1	3.37	0.00	0.00	22.66	22.60	6.30
7	1	3.97	0.00	0.00	24.70	25.64	6.30
8	1	4.66	0.00	0.00	28.25	29.68	6.30
9	1	5.48	0.00	0.00	32.31	33.72	6.30
10	1	6.35	0.01	0.00	36.87	37.26	6.30
11	1	7.14	0.00	0.00	39.92	41.31	6.30
12	1	8.04	0.00	0.00	43.98	44.84	6.30
13	1	8.83	0.01	0.00	47.03	48.38	6.30
14	1	9.84	0.01	0.00	51.59	52.93	6.30
15	1	11.02	0.01	0.00	55.15	56.47	6.30
16	1	12.18	0.01	0.00	58.71	60.51	6.30
17	1	13.63	0.01	0.00	63.29	64.56	6.30
18	1	15.20	0.02	0.00	66.85	68.10	6.30
19	1	16.63	0.02	0.00	70.42	71.64	6.30
20	1	18.46	0.03	0.00	74.50	75.68	6.30
21	1	20.36	0.04	0.00	78.57	79.72	6.30
22	1	-1.00	0.04	0.00	78.57	79.72	6.30
23	1	-1.00	0.04	0.00	78.57	79.72	6.30
24	1	-1.00	0.04	0.00	78.57	79.72	6.30
25	1	-1.00	0.04	0.00	78.57	79.72	6.30
26	1	-1.00	0.04	0.00	78.57	79.72	6.30
27	1	-1.00	0.04	0.00	78.57	79.72	6.30
28	1	-1.00	0.04	0.00	78.57	79.72	6.30
29	1	-1.00	0.04	0.00	78.57	79.72	6.30
30	1	-1.00	0.04	0.00	78.57	79.72	6.30
31	1	-1.00	0.04	0.00	78.57	79.72	6.30
1	2	0.23	0.00	-0.50	5.93	5.92	6.30
2	2	0.41	0.01	-0.50	8.96	8.45	6.30
3	2	0.72	0.00	-0.50	12.51	12.49	6.30
4	2	1.13	0.00	-0.50	15.55	16.03	6.30
5	2	1.52	0.00	-0.50	18.59	18.56	6.30
6	2	2.08	0.00	-0.50	22.13	22.60	6.30
7	2	2.59	0.00	-0.50	25.18	25.64	6.30
8	2	3.17	0.00	-0.50	28.73	29.17	6.30
9	2	3.89	0.00	-0.50	32.28	33.72	6.30
10	2	4.68	0.00	-0.50	36.84	37.26	6.30
11	2	5.40	0.00	-0.50	40.39	41.31	6.30
12	2	6.22	0.00	-0.50	43.95	45.35	6.30
13	2	6.96	0.01	-0.50	47.50	48.89	6.30
14	2	8.00	0.01	-0.50	51.56	52.93	6.30
15	2	9.19	0.01	-0.50	55.12	56.47	6.30
16	2	10.26	0.01	-0.50	59.18	60.51	6.30
17	2	11.65	0.01	-0.50	63.25	64.56	6.30
18	2	13.17	0.01	-0.50	67.32	68.60	6.30
19	2	14.55	0.02	-0.50	70.89	71.13	6.30
20	2	16.24	0.02	-0.50	74.46	75.68	6.30
21	2	18.10	0.03	-0.50	78.53	79.72	6.30
22	2	19.70	0.03	-0.50	82.10	83.26	6.30
23	2	-1.00	0.03	-0.50	82.10	83.26	6.30
24	2	-1.00	0.03	-0.50	82.10	83.26	6.30
25	2	-1.00	0.03	-0.50	82.10	83.26	6.30
26	2	-1.00	0.03	-0.50	82.10	83.26	6.30
27	2	-1.00	0.03	-0.50	82.10	83.26	6.30
28	2	-1.00	0.03	-0.50	82.10	83.26	6.30
29	2	-1.00	0.03	-0.50	82.10	83.26	6.30
30	2	-1.00	0.03	-0.50	82.10	83.26	6.30
31	2	-1.00	0.03	-0.50	82.10	83.26	6.30
1	3	0.01	0.00	-1.00	5.92	5.92	6.30
2	3	0.05	0.00	-1.00	8.45	8.45	6.30
3	3	0.15	0.00	-1.00	12.50	12.49	6.30
4	3	0.33	0.00	-1.00	16.04	15.53	6.30
5	3	0.53	0.00	-1.00	18.57	18.56	6.30
6	3	0.88	0.00	-1.00	22.11	22.10	6.30
7	3	1.23	0.01	-1.00	25.15	25.64	6.30
8	3	1.62	0.00	-1.00	28.70	29.68	6.30
9	3	2.18	0.01	-1.00	32.75	33.72	6.30
10	3	2.79	0.00	-1.00	36.30	37.26	6.30
11	3	3.41	0.00	-1.00	40.36	41.31	6.30
12	3	4.08	0.00	-1.00	44.41	44.84	6.30
13	3	4.73	0.00	-1.00	47.46	48.89	6.30
14	3	5.51	0.00	-1.00	51.51	52.93	6.30
15	3	6.35	0.00	-1.00	55.57	56.98	6.30
16	3	7.07	0.00	-1.00	59.63	60.51	6.30
17	3	8.77	0.01	-1.00	63.20	64.56	6.30
18	3	10.21	0.01	-1.00	67.27	68.10	6.30
19	3	11.51	0.01	-1.00	70.33	71.64	6.30
20	3	13.13	0.02	-1.00	74.90	75.68	6.30
21	3	14.81	0.02	-1.00	78.47	79.72	6.30
22	3	16.42	0.02	-1.00	82.55	83.26	6.30
23	3	18.32	0.03	-1.00	86.12	87.31	6.30
24	3	-1.00	0.03	-1.00	86.12	87.31	6.30
25	3	-1.00	0.03	-1.00	86.12	87.31	6.30
26	3	-1.00	0.03	-1.00	86.12	87.31	6.30
27	3	-1.00	0.03	-1.00	86.12	87.31	6.30
28	3	-1.00	0.03	-1.00	86.12	87.31	6.30
29	3	-1.00	0.03	-1.00	86.12	87.31	6.30
30	3	-1.00	0.03	-1.00	86.12	87.31	6.30
31	3	-1.00	0.03	-1.00	86.12	87.31	6.30
1	4	0.00	0.01	-1.50	5.92	5.92	6.30
2	4	0.00	0.01	-1.50	8.95	8.45	6.30
3	4	0.02	0.00	-1.50	12.49	12.49	6.30
4	4	0.06	0.00	-1.50	16.03	16.03	6.30
5	4	0.13	0.01	-1.50	18.56	18.56	6.30
6	4	0.27	0.01	-1.50	22.10	22.60	6.30
7	4	0.48	0.00	-1.50	25.14	26.14	6.30
8	4	0.71	0.01	-1.50	28.18	29.17	6.30
9	4	1.07	0.01	-1.50	32.73	33.22	6.30
10	4	1.51	0.01	-1.50	36.28	37.26	6.30
11	4	1.92	0.00	-1.50	39.82	41.31	6.30
12	4	2.47	0.00	-1.50	43.88	45.35	6.30
13	4	2.99	0.00	-1.50	47.43	48.89	6.30
14	4	3.63	0.00	-1.50	51.48	52.43	6.30
15	4	4.33	0.00	-1.50	55.54	56.47	6.30
16	4	4.95	0.00	-1.50	59.09	60.01	6.30
17	4	5.74	0.00	-1.50	63.15	64.56	6.30
18	4	6.48	0.01	-1.50	67.20	68.10	6.30
19	4	7.21	0.00	-1.50	70.75	71.64	6.30
20	4	9.74	0.01	-1.50	74.84	75.68	6.30
21	4	11.45	0.01	-1.50	78.41	79.72	6.30
22	4	13.00	0.02	-1.50	81.98	83.26	6.30
23	4	14.82	0.02	-1.50	86.06	87.31	6.30
24	4	16.69	0.03	-1.50	90.13	91.35	6.30
25	4	-1.00	0.03	-1.50	90.13	91.35	6.30
26	4	-1.00	0.03	-1.50	90.13	91.35	6.30
27	4	-1.00	0.03	-1.50	90.13	91.35	6.30
28	4	-1.00	0.03	-1.50	90.13	91.35	6.30
29	4	-1.00	0.03	-1.50	90.13	91.35	6.30
30	4	-1.00	0.03	-1.50	90.13	91.35	6.30
31	4	-1.00	0.03	-1.50	90.13	91.35	6.30
1	5	0.00	0.00	-2.00	5.92	5.92	6.30
2	5	0.00	0.01	-2.00	8.45	8.45	6.30
3	5	0.00	0.00	-2.00	12.49	12.49	6.30
4	5	0.01	0.00	-2.00	16.03	16.03	6.30
5	5	0.02	0.00	-2.00	18.56	18.56	6.30
6	5	0.06	0.00	-2.00	22.10	22.60	6.30
7	5	0.14	0.01	-2.00	25.64	25.64	6.30
8	5	0.24	0.00	-2.00	28.67	29.17	6.30
9	5	0.43	0.00	-2.00	32.21	33.22	6.30
10	5	0.69	0.00	-2.00	36.26	37.77	6.30
11	5	0.99	0.00	-2.00	40.31	41.31	6.30
12	5	1.35	0.00	-2.00	44.36	44.84	6.30
13	5	1.74	0.01	-2.00	47.40	48.89	6.30
14	5	2.23	0.00	-2.00	51.46	52.93	6.30
15	5	2.77	0.01	-2.00	55.51	56.47	6.30
16	5	3.26	0.01	-2.00	59.06	60.51	6.30
17	5	3.92	0.00	-2.00	63.11	64.56	6.30
18	5	4.59	0.00	-2.00	67.17	68.10	6.30
19	5	5.19	0.00	-2.00	70.21	71.64	6.30
20	5	5.97	0.00	-2.00	74.78	75.68	6.30
21	5	6.74	0.00	-2.00	78.33	79.72	6.30
22	5	7.46	0.00	-2.00	82.39	83.26	6.30
23	5	11.05	0.01	-2.00	86.49	87.31	6.30
24	5	13.00	0.02	-2.00	90.57	91.35	6.30
25	5	14.83	0.02	-2.00	94.14	94.38	6.30
26	5	16.84	0.03	-2.00	97.72	98.93	6.30
27	5	-1.00	0.03	-2.00	97.72	98.93	6.30
28	5	-1.00	0.03	-2.00	97.72	98.93	6.30
29	5	-1.00	0.03	-2.00	97.72	98.93	6.30
30	5	-1.00	0.03	-2.00	97.72	98.93	6.30
31	5	-1.00	0.03	-2.00	97.72	98.93	6.30
