Data 2
ECF80-TRIODE
Do Not Model
Va	20	90	8
Vs	50	50	0
Vg	0	-2	5
Point	Curve	Ia	Is	Vg	Va	Vs	Vf
1	1	2.39	0.00	0.00	19.15	19.11	6.30
2	1	3.59	0.00	0.00	27.26	27.70	6.30
3	1	4.87	0.00	0.00	34.85	35.77	6.30
4	1	6.31	0.00	0.00	43.46	44.87	6.30
5	1	7.85	0.00	0.00	52.59	52.96	6.30
6	1	9.42	0.00	0.00	61.21	62.05	6.30
7	1	11.00	0.00	0.00	69.83	70.65	6.30
8	1	12.65	0.00	0.00	77.95	79.24	6.30
9	1	14.47	0.00	0.00	87.59	88.34	6.30
1	2	1.83	0.00	-0.40	19.65	20.12	6.30
2	2	2.75	0.00	-0.40	27.22	27.18	6.30
3	2	4.02	0.00	-0.40	34.83	35.26	6.30
4	2	5.38	0.00	-0.40	43.45	44.87	6.30
5	2	6.84	0.00	-0.40	52.57	53.46	6.30
6	2	8.38	0.00	-0.40	61.19	62.05	6.30
7	2	9.94	0.00	-0.40	69.82	70.65	6.30
8	2	11.56	0.00	-0.40	77.93	79.24	6.30
9	2	13.36	0.00	-0.40	87.57	88.34	6.30
1	3	0.94	0.00	-0.80	20.12	20.10	6.30
2	3	1.65	0.00	-0.80	27.20	27.18	6.30
3	3	2.76	0.00	-0.80	34.81	35.77	6.30
4	3	4.01	0.00	-0.80	43.42	44.36	6.30
5	3	5.42	0.00	-0.80	52.55	53.46	6.30
6	3	6.90	0.00	-0.80	61.17	62.56	6.30
7	3	8.41	0.00	-0.80	69.79	70.65	6.30
8	3	10.03	0.00	-0.80	78.41	79.24	6.30
9	3	11.79	0.00	-0.80	87.04	88.34	6.30
1	4	0.39	0.00	-1.20	19.60	19.09	6.30
2	4	0.92	0.00	-1.20	26.66	27.66	6.30
3	4	1.76	0.00	-1.20	34.79	35.77	6.30
4	4	2.84	0.00	-1.20	43.40	44.36	6.30
5	4	4.11	0.00	-1.20	52.52	53.97	6.30
6	4	5.51	0.00	-1.20	61.12	62.54	6.30
7	4	6.96	0.00	-1.20	69.76	71.15	6.30
8	4	8.49	0.00	-1.20	78.38	79.24	6.30
9	4	10.20	0.01	-1.20	87.01	88.34	6.30
1	5	0.13	0.01	-1.60	20.10	20.10	6.30
2	5	0.42	0.00	-1.60	27.18	27.68	6.30
3	5	1.01	0.01	-1.60	34.78	36.27	6.30
4	5	1.86	0.01	-1.60	43.38	44.87	6.30
5	5	2.97	0.01	-1.60	52.50	53.46	6.30
6	5	4.22	0.00	-1.60	61.12	62.56	6.30
7	5	5.55	0.00	-1.60	69.74	71.15	6.30
8	5	6.96	0.00	-1.60	78.33	79.22	6.30
9	5	8.62	0.00	-1.60	87.48	88.85	6.30
1	6	0.03	0.01	-2.00	20.10	20.10	6.30
2	6	0.16	0.00	-2.00	26.67	27.18	6.30
3	6	0.51	0.00	-2.00	34.74	36.25	6.30
4	6	1.12	0.00	-2.00	43.37	44.87	6.30
5	6	2.00	0.00	-2.00	52.49	53.46	6.30
6	6	3.07	0.00	-2.00	61.60	62.56	6.30
7	6	4.23	0.00	-2.00	69.69	70.62	6.30
8	6	5.64	0.00	-2.00	78.84	79.75	6.30
9	6	7.07	0.00	-2.00	86.95	87.83	6.30
