Data 2
ECF80-PENTODE
Do Not Model
Va	4	200	15
Vs	100	100	0
Vg	0	-2	4
Point	Curve	Ia	Is	Vg	Va	Vs	Vf
1	1	1.71	7.55	-0.50	5.95	100.08	6.30
2	1	6.23	3.28	-0.50	16.14	98.49	6.30
3	1	6.85	2.75	-0.50	28.29	98.48	6.30
4	1	7.11	2.49	-0.50	41.43	97.97	6.30
5	1	7.32	2.39	-0.50	54.07	98.47	6.30
6	1	7.38	2.32	-0.50	66.71	97.96	6.30
7	1	7.44	2.29	-0.50	79.86	97.96	6.30
8	1	7.50	2.27	-0.50	93.00	98.47	6.30
9	1	7.54	2.25	-0.50	105.64	98.47	6.30
10	1	7.56	2.23	-0.50	118.28	98.47	6.30
11	1	7.63	2.21	-0.50	131.42	98.97	6.30
12	1	-1.00	2.21	-0.50	131.42	98.97	6.30
13	1	-1.00	2.21	-0.50	131.42	98.97	6.30
14	1	-1.00	2.21	-0.50	131.42	98.97	6.30
15	1	-1.00	2.21	-0.50	131.42	98.97	6.30
16	1	-1.00	2.21	-0.50	131.42	98.97	6.30
1	2	1.88	5.03	-0.88	5.96	100.03	6.30
2	2	4.74	2.28	-0.88	16.12	98.47	6.30
3	2	5.12	1.96	-0.88	28.76	98.46	6.30
4	2	5.28	1.80	-0.88	41.40	98.46	6.30
5	2	5.43	1.75	-0.88	54.55	98.46	6.30
6	2	5.47	1.70	-0.88	67.18	98.46	6.30
7	2	5.51	1.68	-0.88	80.33	98.46	6.30
8	2	5.52	1.66	-0.88	92.46	98.46	6.30
9	2	5.54	1.65	-0.88	105.60	98.46	6.30
10	2	5.58	1.64	-0.88	118.75	98.96	6.30
11	2	5.60	1.63	-0.88	131.38	98.46	6.30
12	2	5.65	1.62	-0.88	144.53	98.96	6.30
13	2	5.68	1.61	-0.88	159.19	99.47	6.30
14	2	5.70	1.60	-0.88	171.83	99.47	6.30
15	2	5.71	1.59	-0.88	183.96	99.47	6.30
16	2	-1.00	1.59	-0.88	183.96	99.47	6.30
1	3	1.88	2.63	-1.25	5.96	99.99	6.30
2	3	3.08	1.41	-1.25	16.59	98.45	6.30
3	3	3.29	1.23	-1.25	28.22	98.45	6.30
4	3	3.40	1.14	-1.25	41.37	98.45	6.30
5	3	3.45	1.10	-1.25	54.01	97.94	6.30
6	3	3.48	1.08	-1.25	67.65	98.45	6.30
7	3	3.48	1.07	-1.25	79.79	97.94	6.30
8	3	3.49	1.05	-1.25	92.93	98.45	6.30
9	3	3.53	1.05	-1.25	105.57	98.45	6.30
10	3	3.56	1.05	-1.25	118.20	98.95	6.30
11	3	3.61	1.04	-1.25	131.35	99.46	6.30
12	3	3.62	1.04	-1.25	146.01	99.46	6.30
13	3	3.64	1.03	-1.25	158.14	99.46	6.30
14	3	3.66	1.03	-1.25	172.29	99.46	6.30
15	3	3.66	1.02	-1.25	185.44	99.46	6.30
16	3	3.68	1.02	-1.25	197.06	99.46	6.30
1	4	1.27	1.33	-1.62	5.44	99.97	6.30
2	4	1.76	0.78	-1.62	17.07	98.44	6.30
3	4	1.86	0.69	-1.62	28.70	98.44	6.30
4	4	1.92	0.64	-1.62	41.34	98.44	6.30
5	4	1.93	0.61	-1.62	54.48	98.44	6.30
6	4	1.95	0.60	-1.62	67.63	98.44	6.30
7	4	1.95	0.59	-1.62	79.76	97.93	6.30
8	4	1.95	0.59	-1.62	92.90	98.44	6.30
9	4	1.96	0.58	-1.62	105.54	98.44	6.30
10	4	2.00	0.59	-1.62	118.18	98.94	6.30
11	4	2.02	0.59	-1.62	131.83	99.45	6.30
12	4	2.04	0.58	-1.62	144.97	99.45	6.30
13	4	2.05	0.58	-1.62	159.12	99.45	6.30
14	4	2.06	0.58	-1.62	172.27	99.45	6.30
15	4	2.07	0.58	-1.62	185.41	99.45	6.30
16	4	2.07	0.57	-1.62	198.05	99.45	6.30
1	5	0.72	0.68	-2.00	5.43	99.96	6.30
2	5	0.94	0.41	-2.00	17.06	98.43	6.30
3	5	1.00	0.36	-2.00	28.18	98.43	6.30
4	5	1.02	0.34	-2.00	41.32	98.43	6.30
5	5	1.03	0.33	-2.00	53.96	98.43	6.30
6	5	1.04	0.32	-2.00	67.61	98.43	6.30
7	5	1.04	0.32	-2.00	80.25	98.43	6.30
8	5	1.04	0.31	-2.00	93.39	98.43	6.30
9	5	1.05	0.31	-2.00	105.02	98.43	6.30
10	5	1.07	0.31	-2.00	118.16	98.94	6.30
11	5	1.09	0.32	-2.00	131.81	99.44	6.30
12	5	1.09	0.31	-2.00	145.96	99.44	6.30
13	5	1.11	0.31	-2.00	158.60	99.44	6.30
14	5	1.11	0.31	-2.00	172.25	99.44	6.30
15	5	1.11	0.31	-2.00	185.39	99.44	6.30
16	5	1.12	0.31	-2.00	198.01	99.42	6.30
