Data 2
ECF80-TRIODE
Do Not Model
Va	20	90	8
Vs	50	50	0
Vg	0	-2	5
Point	Curve	Ia	Is	Vg	Va	Vs	Vf
1	1	2.00	0.00	0.00	19.67	19.13	6.30
2	1	4.30	0.00	0.00	27.28	27.20	6.30
3	1	5.88	0.00	0.00	34.89	35.79	6.30
4	1	7.49	0.00	0.00	43.51	44.89	6.30
5	1	9.35	0.00	0.00	52.14	53.48	6.30
6	1	11.31	0.00	0.00	61.27	62.08	6.30
7	1	13.21	0.00	0.00	69.90	70.67	6.30
8	1	15.20	0.00	0.00	78.02	79.26	6.30
9	1	17.38	0.00	0.00	87.64	88.34	6.30
1	2	2.19	0.00	-0.40	20.16	20.12	6.30
2	2	3.44	0.00	-0.40	27.26	27.20	6.30
3	2	4.68	0.00	-0.40	35.37	35.79	6.30
4	2	6.27	0.00	-0.40	43.49	44.89	6.30
5	2	7.95	0.01	-0.40	52.09	52.96	6.30
6	2	9.84	0.00	-0.40	61.22	62.05	6.30
7	2	11.66	0.00	-0.40	69.87	71.18	6.30
8	2	13.57	0.00	-0.40	78.50	79.26	6.30
9	2	15.69	0.00	-0.40	87.11	88.34	6.30
1	3	1.10	0.00	-0.80	19.64	20.12	6.30
2	3	1.89	0.01	-0.80	26.22	27.20	6.30
3	3	3.11	0.00	-0.80	35.34	36.80	6.30
4	3	4.55	0.00	-0.80	43.46	44.39	6.30
5	3	6.10	0.00	-0.80	52.56	53.46	6.30
6	3	7.84	0.00	-0.80	61.21	62.58	6.30
7	3	9.58	0.01	-0.80	69.81	70.65	6.30
8	3	11.41	0.00	-0.80	77.93	79.24	6.30
9	3	13.48	0.00	-0.80	87.57	88.34	6.30
1	4	0.45	0.00	-1.20	20.13	20.63	6.30
2	4	0.98	0.00	-1.20	25.70	27.20	6.30
3	4	1.91	0.01	-1.20	34.81	35.79	6.30
4	4	3.13	0.01	-1.20	43.43	44.89	6.30
5	4	4.50	0.00	-1.20	52.05	52.98	6.30
6	4	6.11	0.00	-1.20	61.18	62.58	6.30
7	4	7.72	0.00	-1.20	69.78	71.15	6.30
8	4	9.43	0.00	-1.20	78.40	79.24	6.30
9	4	11.39	0.00	-1.20	87.53	88.85	6.30
1	5	0.15	0.00	-1.60	20.12	20.12	6.30
2	5	0.45	0.00	-1.60	26.20	27.20	6.30
3	5	1.09	0.00	-1.60	35.31	35.79	6.30
4	5	2.02	0.00	-1.60	43.41	44.89	6.30
5	5	3.18	0.00	-1.60	52.51	52.96	6.30
6	5	4.60	0.00	-1.60	61.13	62.05	6.30
7	5	6.07	0.00	-1.60	69.75	71.15	6.30
8	5	7.62	0.00	-1.60	77.86	79.24	6.30
9	5	9.48	0.00	-1.60	87.50	88.34	6.30
1	6	0.03	0.00	-2.00	20.12	20.12	6.30
2	6	0.16	0.00	-2.00	26.70	27.20	6.30
3	6	0.54	0.00	-2.00	34.77	36.27	6.30
4	6	1.20	0.00	-2.00	43.40	44.89	6.30
5	6	2.11	0.00	-2.00	51.98	52.96	6.30
6	6	3.29	0.00	-2.00	61.10	62.05	6.30
7	6	4.59	0.00	-2.00	69.72	71.15	6.30
8	6	6.01	0.00	-2.00	77.83	79.24	6.30
9	6	7.69	0.00	-2.00	87.47	88.85	6.30
