Data 2
ECF80-TRIODE
Do Not Model
Va	20	90	8
Vs	50	50	0
Vg	0	-2	5
Point	Curve	Ia	Is	Vg	Va	Vs	Vf
1	1	1.88	0.01	0.00	19.19	19.16	6.30
2	1	2.88	0.00	0.00	26.29	27.24	6.30
3	1	4.22	0.00	0.00	35.41	36.34	6.30
4	1	5.62	0.00	0.00	43.52	44.94	6.30
5	1	7.11	0.00	0.00	52.12	53.00	6.30
6	1	8.78	0.00	0.00	61.27	62.12	6.30
7	1	10.42	0.00	0.00	69.89	71.22	6.30
8	1	12.13	0.00	0.00	78.01	79.31	6.30
9	1	14.10	0.00	0.00	87.65	88.41	6.30
1	2	1.20	0.00	-0.40	20.19	20.17	6.30
2	2	1.89	0.00	-0.40	25.23	27.22	6.30
3	2	3.11	0.00	-0.40	34.88	36.34	6.30
4	2	4.44	0.00	-0.40	43.50	44.43	6.30
5	2	5.83	0.00	-0.40	52.12	53.53	6.30
6	2	7.41	0.00	-0.40	61.25	62.12	6.30
7	2	8.98	0.00	-0.40	69.87	70.72	6.30
8	2	10.66	0.00	-0.40	78.49	79.31	6.30
9	2	12.54	0.00	-0.40	87.10	88.39	6.30
1	3	0.44	0.00	-0.80	20.18	20.17	6.30
2	3	0.90	0.00	-0.80	26.25	27.24	6.30
3	3	1.82	0.00	-0.80	34.86	36.34	6.30
4	3	2.94	0.00	-0.80	43.47	44.94	6.30
5	3	4.19	0.00	-0.80	52.59	53.02	6.30
6	3	5.64	0.00	-0.80	61.21	62.12	6.30
7	3	7.10	0.00	-0.80	69.83	71.22	6.30
8	3	8.64	0.00	-0.80	78.43	79.29	6.30
9	3	10.42	0.00	-0.80	87.59	88.41	6.30
1	4	0.12	0.00	-1.20	20.17	20.17	6.30
2	4	0.35	0.00	-1.20	26.75	27.24	6.30
3	4	0.92	0.00	-1.20	35.35	35.84	6.30
4	4	1.72	0.01	-1.20	43.93	44.91	6.30
5	4	2.76	0.00	-1.20	52.06	53.02	6.30
6	4	4.02	0.00	-1.20	61.18	62.63	6.30
7	4	5.36	0.00	-1.20	69.78	70.69	6.30
8	4	6.77	0.00	-1.20	77.89	79.29	6.30
9	4	8.45	0.00	-1.20	87.53	88.39	6.30
1	5	0.02	0.00	-1.60	20.17	20.17	6.30
2	5	0.10	0.00	-1.60	25.73	27.24	6.30
3	5	0.39	0.00	-1.60	34.83	35.84	6.30
4	5	0.91	0.01	-1.60	43.44	44.43	6.30
5	5	1.66	0.01	-1.60	52.53	53.00	6.30
6	5	2.69	0.00	-1.60	61.14	62.10	6.30
7	5	3.83	0.00	-1.60	69.75	70.69	6.30
8	5	5.11	0.00	-1.60	78.37	79.29	6.30
9	5	6.63	0.00	-1.60	87.49	88.39	6.30
1	6	0.00	0.01	-2.00	20.17	20.17	6.30
2	6	0.02	0.00	-2.00	26.72	27.22	6.30
3	6	0.13	0.00	-2.00	35.31	36.32	6.30
4	6	0.42	0.00	-2.00	43.40	44.41	6.30
5	6	0.91	0.01	-2.00	52.01	53.00	6.30
6	6	1.67	0.00	-2.00	61.12	62.61	6.30
7	6	2.57	0.01	-2.00	69.73	70.69	6.30
8	6	3.65	0.00	-2.00	77.84	79.29	6.30
9	6	5.00	0.00	-2.00	87.47	88.39	6.30
