Data 2
ECF80-TRIODE
Do Not Model
Va	20	90	8
Vs	50	50	0
Vg	0	-2	5
Point	Curve	Ia	Is	Vg	Va	Vs	Vf
1	1	2.92	0.00	0.00	19.16	19.11	6.30
2	1	4.26	0.00	0.00	26.77	27.20	6.30
3	1	5.82	0.00	0.00	34.89	36.30	6.30
4	1	7.49	0.00	0.00	44.01	44.89	6.30
5	1	9.26	0.00	0.00	51.63	53.48	6.30
6	1	11.20	0.00	0.00	61.27	62.08	6.30
7	1	13.09	0.00	0.00	69.90	70.67	6.30
8	1	15.06	0.00	0.00	78.02	79.26	6.30
9	1	17.24	0.00	0.00	87.13	88.34	6.30
1	2	2.14	0.01	-0.40	19.65	20.12	6.30
2	2	3.20	0.01	-0.40	26.75	27.70	6.30
3	2	4.62	0.00	-0.40	35.37	36.30	6.30
4	2	6.21	0.00	-0.40	43.49	44.39	6.30
5	2	7.90	0.01	-0.40	52.11	53.48	6.30
6	2	9.78	0.00	-0.40	61.24	62.08	6.30
7	2	11.60	0.01	-0.40	69.34	71.15	6.30
8	2	13.50	0.00	-0.40	77.99	79.26	6.30
9	2	15.65	0.00	-0.40	87.61	87.83	6.30
1	3	1.09	0.00	-0.80	20.14	20.12	6.30
2	3	1.90	0.00	-0.80	26.20	27.18	6.30
3	3	3.14	0.01	-0.80	34.84	35.29	6.30
4	3	4.55	0.00	-0.80	43.46	44.89	6.30
5	3	6.10	0.00	-0.80	52.05	52.96	6.30
6	3	7.83	0.01	-0.80	61.21	62.08	6.30
7	3	9.59	0.01	-0.80	69.81	71.15	6.30
8	3	11.41	0.00	-0.80	77.95	79.26	6.30
9	3	13.48	0.00	-0.80	87.57	88.34	6.30
1	4	0.45	0.00	-1.20	20.13	20.12	6.30
2	4	0.99	0.01	-1.20	26.18	27.68	6.30
3	4	1.92	0.00	-1.20	34.82	35.79	6.30
4	4	3.12	0.00	-1.20	43.94	44.89	6.30
5	4	4.50	0.00	-1.20	52.53	52.96	6.30
6	4	6.12	0.00	-1.20	61.15	62.56	6.30
7	4	7.71	0.00	-1.20	69.78	70.65	6.30
8	4	9.45	0.01	-1.20	78.40	79.24	6.30
9	4	11.40	0.00	-1.20	87.53	88.34	6.30
1	5	0.15	0.00	-1.60	20.12	20.12	6.30
2	5	0.44	0.00	-1.60	26.20	27.20	6.30
3	5	1.09	0.00	-1.60	34.80	36.30	6.30
4	5	2.03	0.00	-1.60	43.89	44.36	6.30
5	5	3.21	0.00	-1.60	52.53	53.99	6.30
6	5	4.58	0.00	-1.60	61.15	62.08	6.30
7	5	6.06	0.00	-1.60	69.75	70.65	6.30
8	5	7.63	0.00	-1.60	78.37	79.24	6.30
9	5	9.50	0.00	-1.60	87.50	88.34	6.30
1	6	0.03	0.00	-2.00	20.12	20.12	6.30
2	6	0.17	0.00	-2.00	26.70	27.20	6.30
3	6	0.54	0.00	-2.00	34.79	35.79	6.30
4	6	1.20	0.00	-2.00	43.40	44.89	6.30
5	6	2.12	0.01	-2.00	52.01	53.48	6.30
6	6	3.30	0.00	-2.00	61.10	62.05	6.30
7	6	4.60	0.01	-2.00	69.72	71.15	6.30
8	6	6.01	0.00	-2.00	77.83	79.24	6.30
9	6	7.70	0.00	-2.00	87.47	88.34	6.30
