Data 2
ECF80-PENTODE
Do Not Model
Va	4	200	15
Vs	170	170	0
Vg	0	-4	5
Point	Curve	Ia	Is	Vg	Va	Vs	Vf
1	1	1.57	20.80	0.00	5.95	169.57	6.30
2	1	11.14	11.76	0.00	15.73	168.40	6.30
3	1	15.38	7.97	0.00	28.44	168.33	6.30
4	1	16.50	7.01	0.00	41.60	168.31	6.30
5	1	17.09	6.53	0.00	54.76	168.30	6.30
6	1	17.46	6.26	0.00	67.91	168.30	6.30
7	1	17.69	6.09	0.00	81.05	168.29	6.30
8	1	17.94	5.98	0.00	94.20	168.29	6.30
9	1	18.15	5.88	0.00	106.34	168.29	6.30
10	1	-1.00	5.88	0.00	106.34	168.29	6.30
11	1	-1.00	5.88	0.00	106.34	168.29	6.30
12	1	-1.00	5.88	0.00	106.34	168.29	6.30
13	1	-1.00	5.88	0.00	106.34	168.29	6.30
14	1	-1.00	5.88	0.00	106.34	168.29	6.30
15	1	-1.00	5.88	0.00	106.34	168.29	6.30
16	1	-1.00	5.88	0.00	106.34	168.29	6.30
1	2	1.75	15.56	-0.80	5.45	169.48	6.30
2	2	10.03	7.71	-0.80	16.21	168.32	6.30
3	2	12.24	5.78	-0.80	28.38	168.29	6.30
4	2	12.93	5.16	-0.80	41.54	168.28	6.30
5	2	13.29	4.88	-0.80	54.69	168.27	6.30
6	2	13.51	4.72	-0.80	67.33	168.27	6.30
7	2	13.62	4.60	-0.80	80.98	168.27	6.30
8	2	13.79	4.53	-0.80	94.13	168.27	6.30
9	2	13.95	4.47	-0.80	106.26	168.27	6.30
10	2	14.03	4.42	-0.80	118.90	168.26	6.30
11	2	14.11	4.37	-0.80	132.04	168.26	6.30
12	2	-1.00	4.37	-0.80	132.04	168.26	6.30
13	2	-1.00	4.37	-0.80	132.04	168.26	6.30
14	2	-1.00	4.37	-0.80	132.04	168.26	6.30
15	2	-1.00	4.37	-0.80	132.04	168.26	6.30
16	2	-1.00	4.37	-0.80	132.04	168.26	6.30
1	3	2.24	9.19	-1.60	5.46	169.36	6.30
2	3	7.12	4.48	-1.60	16.16	168.27	6.30
3	3	8.09	3.59	-1.60	28.31	168.25	6.30
4	3	8.54	3.23	-1.60	41.46	168.24	6.30
5	3	8.71	3.10	-1.60	54.61	168.24	6.30
6	3	8.80	3.02	-1.60	67.75	168.24	6.30
7	3	8.85	2.95	-1.60	80.89	168.24	6.30
8	3	8.96	2.92	-1.60	93.53	168.24	6.30
9	3	9.03	2.89	-1.60	106.17	168.24	6.30
10	3	9.08	2.86	-1.60	119.32	168.24	6.30
11	3	9.12	2.83	-1.60	131.95	168.24	6.30
12	3	9.17	2.80	-1.60	145.10	168.24	6.30
13	3	9.21	2.78	-1.60	158.24	168.23	6.30
14	3	9.26	2.77	-1.60	170.88	168.23	6.30
15	3	9.27	2.74	-1.60	184.02	168.23	6.30
16	3	-1.00	2.74	-1.60	184.02	168.23	6.30
1	4	2.19	3.85	-2.40	5.96	169.77	6.30
2	4	3.80	2.17	-2.40	16.61	168.22	6.30
3	4	4.21	1.79	-2.40	28.24	168.22	6.30
4	4	4.40	1.63	-2.40	41.39	168.21	6.30
5	4	4.46	1.56	-2.40	54.53	168.21	6.30
6	4	4.53	1.53	-2.40	67.67	168.21	6.30
7	4	4.55	1.50	-2.40	80.82	168.21	6.30
8	4	4.59	1.48	-2.40	93.96	168.21	6.30
9	4	4.63	1.47	-2.40	106.09	168.21	6.30
10	4	4.65	1.45	-2.40	119.74	168.21	6.30
11	4	4.65	1.44	-2.40	132.38	168.21	6.30
12	4	4.68	1.42	-2.40	145.52	168.21	6.30
13	4	4.69	1.41	-2.40	158.16	168.21	6.30
14	4	4.70	1.39	-2.40	170.80	168.21	6.30
15	4	4.74	1.40	-2.40	183.94	168.21	6.30
16	4	4.81	1.40	-2.40	197.08	168.72	6.30
1	5	1.06	1.47	-3.20	5.43	169.73	6.30
2	5	1.57	0.88	-3.20	16.57	168.20	6.30
3	5	1.75	0.73	-3.20	28.19	168.20	6.30
4	5	1.83	0.66	-3.20	41.36	168.22	6.30
5	5	1.85	0.63	-3.20	54.51	168.22	6.30
6	5	1.86	0.62	-3.20	67.63	168.20	6.30
7	5	1.88	0.61	-3.20	80.77	168.20	6.30
8	5	1.89	0.60	-3.20	93.91	168.20	6.30
9	5	1.90	0.60	-3.20	106.04	168.20	6.30
10	5	1.90	0.59	-3.20	119.69	168.20	6.30
11	5	1.91	0.58	-3.20	132.33	168.20	6.30
12	5	1.92	0.58	-3.20	145.47	168.19	6.30
13	5	1.92	0.57	-3.20	158.11	168.19	6.30
14	5	1.92	0.56	-3.20	170.75	168.19	6.30
15	5	1.95	0.57	-3.20	183.89	168.19	6.30
16	5	1.98	0.57	-3.20	197.03	168.70	6.30
1	6	0.35	0.43	-4.00	5.42	169.71	6.30
2	6	0.47	0.26	-4.00	17.05	168.19	6.30
3	6	0.53	0.21	-4.00	28.68	168.19	6.30
4	6	0.55	0.19	-4.00	41.32	168.19	6.30
5	6	0.56	0.18	-4.00	54.46	168.19	6.30
6	6	0.56	0.18	-4.00	67.60	168.19	6.30
7	6	0.57	0.17	-4.00	80.74	168.19	6.30
8	6	0.57	0.17	-4.00	93.89	168.19	6.30
9	6	0.58	0.17	-4.00	106.52	168.19	6.30
10	6	0.58	0.17	-4.00	119.67	168.19	6.30
11	6	0.58	0.17	-4.00	132.81	168.19	6.30
12	6	0.58	0.17	-4.00	145.45	168.19	6.30
13	6	0.58	0.16	-4.00	158.09	168.19	6.30
14	6	0.58	0.16	-4.00	170.72	168.19	6.30
15	6	0.59	0.16	-4.00	183.87	168.19	6.30
16	6	0.60	0.17	-4.00	197.01	168.69	6.30
