Data 2
ECF80-TRIODE
Do Not Model
Va	20	90	8
Vs	50	50	0
Vg	0	-2	5
Point	Curve	Ia	Is	Vg	Va	Vs	Vf
1	1	0.30	0.00	0.00	19.12	19.11	6.30
2	1	0.77	0.00	0.00	27.19	27.18	6.30
3	1	1.60	0.00	0.00	34.79	35.77	6.30
4	1	2.84	0.00	0.00	43.40	44.87	6.30
5	1	4.45	0.00	0.00	52.53	53.46	6.30
6	1	6.30	0.00	0.00	61.16	62.05	6.30
7	1	8.33	0.00	0.00	69.79	70.65	6.30
8	1	10.56	0.00	0.00	78.42	79.24	6.30
9	1	13.16	0.00	0.00	87.57	87.83	6.30
1	2	0.49	0.00	-0.40	20.11	19.59	6.30
2	2	1.04	0.00	-0.40	26.18	27.18	6.30
3	2	2.02	0.00	-0.40	34.79	35.77	6.30
4	2	3.34	0.00	-0.40	43.92	44.36	6.30
5	2	4.95	0.00	-0.40	52.54	53.46	6.30
6	2	6.75	0.00	-0.40	61.16	62.05	6.30
7	2	8.70	0.01	-0.40	69.79	71.15	6.30
8	2	10.78	0.00	-0.40	77.92	79.24	6.30
9	2	13.22	0.00	-0.40	87.04	88.32	6.30
1	3	0.35	0.00	-0.80	19.60	20.10	6.30
2	3	0.80	0.00	-0.80	26.68	27.18	6.30
3	3	1.63	0.00	-0.80	35.29	36.27	6.30
4	3	2.78	0.00	-0.80	43.40	44.87	6.30
5	3	4.23	0.01	-0.80	52.53	53.46	6.30
6	3	5.89	0.00	-0.80	61.15	62.56	6.30
7	3	7.66	0.00	-0.80	69.77	70.65	6.30
8	3	9.63	0.01	-0.80	77.87	79.22	6.30
9	3	11.90	0.00	-0.80	87.54	88.34	6.30
1	4	0.16	0.01	-1.20	19.60	19.59	6.30
2	4	0.45	0.00	-1.20	27.18	27.68	6.30
3	4	1.03	0.00	-1.20	34.78	36.27	6.30
4	4	1.92	0.00	-1.20	43.89	44.87	6.30
5	4	3.14	0.00	-1.20	52.51	53.46	6.30
6	4	4.59	0.00	-1.20	61.13	62.05	6.30
7	4	6.21	0.00	-1.20	69.75	71.15	6.30
8	4	7.97	0.00	-1.20	77.84	79.22	6.30
9	4	10.07	0.00	-1.20	87.00	88.34	6.30
1	5	0.06	0.00	-1.60	19.59	19.59	6.30
2	5	0.22	0.00	-1.60	27.18	27.68	6.30
3	5	0.60	0.00	-1.60	35.27	36.27	6.30
4	5	1.25	0.00	-1.60	43.37	44.87	6.30
5	5	2.19	0.00	-1.60	52.49	53.46	6.30
6	5	3.41	0.00	-1.60	61.08	62.03	6.30
7	5	4.83	0.00	-1.60	69.72	71.15	6.30
8	5	6.40	0.00	-1.60	77.84	79.24	6.30
9	5	8.35	0.00	-1.60	87.48	88.34	6.30
1	6	0.02	0.01	-2.00	20.10	20.10	6.30
2	6	0.10	0.01	-2.00	26.67	27.18	6.30
3	6	0.31	0.00	-2.00	34.74	36.25	6.30
4	6	0.76	0.00	-2.00	43.36	44.87	6.30
5	6	1.48	0.00	-2.00	52.48	53.97	6.30
6	6	2.47	0.00	-2.00	61.06	62.03	6.30
7	6	3.64	0.01	-2.00	69.68	70.62	6.30
8	6	5.14	0.00	-2.00	78.80	79.72	6.30
9	6	6.74	0.00	-2.00	87.43	88.82	6.30
