Data 2
ECF80-TRIODE
Do Not Model
Va	20	90	8
Vs	50	50	0
Vg	0	-2	5
Point	Curve	Ia	Is	Vg	Va	Vs	Vf
1	1	1.05	0.00	0.00	19.11	19.09	6.30
2	1	1.84	0.01	0.00	27.21	27.18	6.30
3	1	2.71	0.00	0.00	35.31	36.27	6.30
4	1	3.63	0.01	0.00	43.42	44.87	6.30
5	1	4.64	0.00	0.00	52.53	53.46	6.30
6	1	5.64	0.00	0.00	61.65	62.05	6.30
7	1	6.58	0.00	0.00	69.75	70.65	6.30
8	1	7.55	0.00	0.00	78.37	79.24	6.30
9	1	8.59	0.00	0.00	87.48	88.34	6.30
1	2	0.90	0.01	-0.40	20.11	20.10	6.30
2	2	1.51	0.00	-0.40	26.70	27.68	6.30
3	2	2.36	0.00	-0.40	35.31	36.27	6.30
4	2	3.28	0.00	-0.40	43.41	44.87	6.30
5	2	4.27	0.01	-0.40	52.53	53.46	6.30
6	2	5.26	0.00	-0.40	61.14	62.56	6.30
7	2	6.23	0.00	-0.40	69.75	70.65	6.30
8	2	7.19	0.00	-0.40	77.85	79.24	6.30
9	2	8.25	0.00	-0.40	87.48	88.34	6.30
1	3	0.47	0.00	-0.80	20.11	20.10	6.30
2	3	0.94	0.00	-0.80	26.16	27.15	6.30
3	3	1.67	0.00	-0.80	35.29	36.27	6.30
4	3	2.53	0.01	-0.80	43.40	44.87	6.30
5	3	3.47	0.00	-0.80	52.51	53.46	6.30
6	3	4.46	0.00	-0.80	61.12	62.05	6.30
7	3	5.43	0.00	-0.80	69.73	71.15	6.30
8	3	6.39	0.00	-0.80	77.82	79.22	6.30
9	3	7.47	0.00	-0.80	87.44	88.32	6.30
1	4	0.18	0.00	-1.20	20.10	20.10	6.30
2	4	0.49	0.00	-1.20	27.18	27.18	6.30
3	4	1.06	0.00	-1.20	34.78	36.27	6.30
4	4	1.80	0.00	-1.20	43.36	44.84	6.30
5	4	2.68	0.00	-1.20	52.50	53.46	6.30
6	4	3.61	0.00	-1.20	61.09	62.03	6.30
7	4	4.57	0.00	-1.20	69.70	70.62	6.30
8	4	5.61	0.00	-1.20	78.84	79.75	6.30
9	4	6.61	0.00	-1.20	87.42	88.32	6.30
1	5	0.05	0.01	-1.60	20.10	20.10	6.30
2	5	0.21	0.00	-1.60	26.67	27.18	6.30
3	5	0.59	0.00	-1.60	35.27	36.27	6.30
4	5	1.19	0.00	-1.60	43.35	44.84	6.30
5	5	1.97	0.00	-1.60	52.49	53.46	6.30
6	5	2.81	0.00	-1.60	61.09	62.05	6.30
7	5	3.71	0.00	-1.60	69.68	71.13	6.30
8	5	4.71	0.00	-1.60	78.29	79.72	6.30
9	5	5.71	0.00	-1.60	87.41	88.32	6.30
1	6	0.01	0.00	-2.00	20.10	20.10	6.30
2	6	0.07	0.00	-2.00	26.17	27.68	6.30
3	6	0.29	0.01	-2.00	35.25	35.75	6.30
4	6	0.71	0.00	-2.00	43.34	44.84	6.30
5	6	1.33	0.00	-2.00	52.45	53.44	6.30
6	6	2.08	0.00	-2.00	61.56	63.04	6.30
7	6	2.90	0.00	-2.00	69.67	71.13	6.30
8	6	3.85	0.00	-2.00	78.78	79.72	6.30
9	6	4.79	0.00	-2.00	86.89	87.81	6.30
