Data 2
ECF80-TRIODE
Do Not Model
Va	20	90	8
Vs	50	50	0
Vg	0	-2	5
Point	Curve	Ia	Is	Vg	Va	Vs	Vf
1	1	1.47	0.00	0.00	19.11	19.09	6.30
2	1	2.28	0.00	0.00	26.71	27.68	6.30
3	1	3.20	0.00	0.00	35.32	35.77	6.30
4	1	4.16	0.01	0.00	43.43	44.87	6.30
5	1	5.18	0.00	0.00	52.54	53.46	6.30
6	1	6.22	0.01	0.00	61.16	62.05	6.30
7	1	7.24	0.00	0.00	69.77	70.65	6.30
8	1	8.28	0.00	0.00	77.87	79.24	6.30
9	1	9.39	0.00	0.00	87.47	88.32	6.30
1	2	1.18	0.00	-0.40	20.12	20.10	6.30
2	2	1.83	0.00	-0.40	27.18	27.66	6.30
3	2	2.74	0.00	-0.40	35.31	35.77	6.30
4	2	3.68	0.00	-0.40	43.42	44.87	6.30
5	2	4.70	0.00	-0.40	52.53	53.97	6.30
6	2	5.74	0.00	-0.40	61.15	62.05	6.30
7	2	6.77	0.00	-0.40	69.76	70.65	6.30
8	2	7.81	0.00	-0.40	78.35	79.22	6.30
9	2	8.94	0.00	-0.40	86.96	87.81	6.30
1	3	0.64	0.00	-0.80	20.11	20.10	6.30
2	3	1.17	0.00	-0.80	27.20	27.68	6.30
3	3	1.96	0.00	-0.80	35.30	36.27	6.30
4	3	2.85	0.00	-0.80	43.88	44.34	6.30
5	3	3.84	0.01	-0.80	52.52	53.46	6.30
6	3	4.85	0.00	-0.80	61.13	62.56	6.30
7	3	5.86	0.01	-0.80	69.74	70.65	6.30
8	3	6.88	0.01	-0.80	78.33	79.22	6.30
9	3	8.02	0.00	-0.80	87.45	88.82	6.30
1	4	0.29	0.00	-1.20	20.10	19.59	6.30
2	4	0.67	0.00	-1.20	26.68	28.19	6.30
3	4	1.30	0.01	-1.20	35.29	36.27	6.30
4	4	2.09	0.00	-1.20	44.40	44.87	6.30
5	4	2.99	0.01	-1.20	52.48	53.44	6.30
6	4	3.97	0.00	-1.20	61.60	62.54	6.30
7	4	4.95	0.00	-1.20	69.70	71.13	6.30
8	4	6.01	0.00	-1.20	78.82	79.72	6.30
9	4	7.05	0.00	-1.20	87.43	88.32	6.30
1	5	0.11	0.00	-1.60	20.10	20.10	6.30
2	5	0.35	0.01	-1.60	27.18	27.18	6.30
3	5	0.81	0.01	-1.60	34.75	36.25	6.30
4	5	1.47	0.00	-1.60	43.86	44.34	6.30
5	5	2.26	0.00	-1.60	52.97	53.44	6.30
6	5	3.15	0.00	-1.60	61.08	62.03	6.30
7	5	4.08	0.00	-1.60	70.19	70.62	6.30
8	5	5.11	0.00	-1.60	78.80	79.22	6.30
9	5	6.14	0.01	-1.60	87.42	88.32	6.30
1	6	0.04	0.00	-2.00	20.10	20.10	6.30
2	6	0.15	0.01	-2.00	27.15	27.15	6.30
3	6	0.46	0.00	-2.00	35.25	35.75	6.30
4	6	0.97	0.00	-2.00	43.35	44.84	6.30
5	6	1.63	0.00	-2.00	51.95	52.93	6.30
6	6	2.43	0.00	-2.00	61.06	62.03	6.30
7	6	3.29	0.00	-2.00	69.67	70.62	6.30
8	6	4.26	0.00	-2.00	78.28	79.72	6.30
9	6	5.25	0.00	-2.00	87.40	88.32	6.30
