Data 2
ECF80-PENTODE
Do Not Model
Va	4	200	16
Vs	170	170	0
Vg	0	-4	4
Point	Curve	Ia	Is	Vg	Va	Vs	Vf
1	1	1.51	2.34	0.00	5.47	169.77	6.30
2	1	2.60	1.31	0.00	15.09	168.23	6.30
3	1	2.88	1.07	0.00	27.23	168.23	6.30
4	1	3.00	0.98	0.00	38.86	168.23	6.30
5	1	3.06	0.95	0.00	51.49	168.22	6.30
6	1	3.10	0.94	0.00	63.63	168.22	6.30
7	1	3.15	0.93	0.00	75.76	168.22	6.30
8	1	3.19	0.93	0.00	87.89	168.22	6.30
9	1	3.23	0.93	0.00	100.53	168.22	6.30
10	1	3.27	0.93	0.00	112.66	168.22	6.30
11	1	3.33	0.93	0.00	124.29	168.22	6.30
12	1	3.37	0.94	0.00	136.42	168.22	6.30
13	1	3.41	0.94	0.00	148.55	168.22	6.30
14	1	3.46	0.94	0.00	160.18	168.22	6.30
15	1	3.51	0.95	0.00	172.31	168.22	6.30
16	1	3.57	0.96	0.00	184.95	168.73	6.30
17	1	3.62	0.97	0.00	197.09	168.73	6.30
1	2	1.40	2.00	-1.00	5.46	169.76	6.30
2	2	2.35	1.14	-1.00	15.57	168.21	6.30
3	2	2.60	0.97	-1.00	27.22	168.23	6.30
4	2	2.72	0.89	-1.00	38.85	168.22	6.30
5	2	2.79	0.86	-1.00	51.49	168.22	6.30
6	2	2.83	0.86	-1.00	63.12	168.22	6.30
7	2	2.87	0.85	-1.00	75.75	168.22	6.30
8	2	2.92	0.84	-1.00	87.38	168.22	6.30
9	2	2.97	0.85	-1.00	100.53	168.22	6.30
10	2	3.00	0.85	-1.00	112.66	168.22	6.30
11	2	3.03	0.85	-1.00	124.79	168.22	6.30
12	2	3.06	0.85	-1.00	136.42	167.72	6.30
13	2	3.09	0.85	-1.00	148.55	168.22	6.30
14	2	3.11	0.85	-1.00	160.68	168.22	6.30
15	2	3.15	0.85	-1.00	172.81	168.22	6.30
16	2	3.19	0.85	-1.00	184.44	168.22	6.30
17	2	3.23	0.86	-1.00	197.08	168.73	6.30
1	3	0.94	1.23	-2.00	5.96	169.75	6.30
2	3	1.50	0.72	-2.00	16.08	168.73	6.30
3	3	1.66	0.61	-2.00	27.21	168.22	6.30
4	3	1.76	0.57	-2.00	38.83	168.22	6.30
5	3	1.81	0.56	-2.00	51.47	168.22	6.30
6	3	1.85	0.56	-2.00	63.10	168.22	6.30
7	3	1.88	0.55	-2.00	75.23	168.22	6.30
8	3	1.91	0.55	-2.00	87.87	168.22	6.30
9	3	1.94	0.55	-2.00	100.51	168.22	6.30
10	3	1.97	0.56	-2.00	112.64	168.22	6.30
11	3	1.98	0.55	-2.00	124.77	168.22	6.30
12	3	2.01	0.55	-2.00	136.37	168.19	6.30
13	3	2.02	0.55	-2.00	149.01	167.69	6.30
14	3	2.04	0.55	-2.00	160.64	168.19	6.30
15	3	2.05	0.55	-2.00	172.77	168.19	6.30
16	3	2.08	0.56	-2.00	184.40	168.19	6.30
17	3	2.13	0.56	-2.00	197.04	168.70	6.30
1	4	0.27	0.32	-3.00	5.42	169.71	6.30
2	4	0.38	0.19	-3.00	16.04	168.19	6.30
3	4	0.42	0.16	-3.00	27.16	168.19	6.30
4	4	0.44	0.14	-3.00	38.28	168.19	6.30
5	4	0.44	0.14	-3.00	51.45	168.21	6.30
6	4	0.45	0.14	-3.00	63.56	168.19	6.30
7	4	0.45	0.13	-3.00	75.69	168.19	6.30
8	4	0.46	0.13	-3.00	87.82	168.19	6.30
9	4	0.46	0.13	-3.00	100.46	168.19	6.30
10	4	0.46	0.13	-3.00	112.59	168.19	6.30
11	4	0.47	0.13	-3.00	124.72	168.19	6.30
12	4	0.47	0.13	-3.00	136.85	168.19	6.30
13	4	0.47	0.13	-3.00	148.98	167.68	6.30
14	4	0.47	0.13	-3.00	160.61	168.19	6.30
15	4	0.47	0.13	-3.00	172.74	168.19	6.30
16	4	0.48	0.13	-3.00	184.87	168.19	6.30
17	4	0.50	0.13	-3.00	197.01	168.69	6.30
1	5	0.03	0.04	-4.00	5.42	169.70	6.30
2	5	0.04	0.02	-4.00	16.05	168.21	6.30
3	5	0.04	0.02	-4.00	27.15	168.18	6.30
4	5	0.04	0.02	-4.00	38.78	168.18	6.30
5	5	0.04	0.02	-4.00	51.42	168.18	6.30
6	5	0.04	0.02	-4.00	63.55	168.18	6.30
7	5	0.04	0.02	-4.00	75.68	168.18	6.30
8	5	0.04	0.02	-4.00	87.31	168.18	6.30
9	5	0.04	0.02	-4.00	100.45	168.18	6.30
10	5	0.04	0.02	-4.00	112.58	168.18	6.30
11	5	0.04	0.02	-4.00	124.71	168.18	6.30
12	5	0.04	0.01	-4.00	136.34	168.18	6.30
13	5	0.04	0.02	-4.00	148.98	168.18	6.30
14	5	0.04	0.02	-4.00	160.60	168.18	6.30
15	5	0.04	0.02	-4.00	172.73	168.18	6.30
16	5	0.05	0.02	-4.00	184.87	168.18	6.30
17	5	0.05	0.02	-4.00	197.02	168.71	6.30
