Data 2
ECF80-TRIODE
Do Not Model
Va	20	90	8
Vs	50	50	0
Vg	0	-2	5
Point	Curve	Ia	Is	Vg	Va	Vs	Vf
1	1	0.04	0.00	0.00	18.65	18.65	6.30
2	1	0.10	0.00	0.00	26.74	27.24	6.30
3	1	0.27	0.01	0.00	35.34	35.84	6.30
4	1	0.56	0.00	0.00	43.43	44.43	6.30
5	1	0.99	0.01	0.00	52.03	53.02	6.30
6	1	1.56	0.00	0.00	61.14	62.12	6.30
7	1	2.16	0.00	0.00	69.24	70.72	6.30
8	1	2.81	0.01	0.00	78.35	79.31	6.30
9	1	3.54	0.00	0.00	87.46	88.41	6.30
1	2	0.04	0.00	-0.40	20.17	19.16	6.30
2	2	0.09	0.00	-0.40	26.74	27.24	6.30
3	2	0.27	0.00	-0.40	35.31	36.32	6.30
4	2	0.60	0.00	-0.40	43.94	44.94	6.30
5	2	1.05	0.00	-0.40	52.03	53.02	6.30
6	2	1.66	0.00	-0.40	61.12	62.61	6.30
7	2	2.31	0.00	-0.40	69.75	70.72	6.30
8	2	3.00	0.00	-0.40	78.35	79.31	6.30
9	2	3.78	0.00	-0.40	87.47	88.91	6.30
1	3	0.02	0.00	-0.80	19.66	20.17	6.30
2	3	0.06	0.01	-0.80	26.74	27.24	6.30
3	3	0.19	0.00	-0.80	34.83	35.84	6.30
4	3	0.48	0.01	-0.80	43.43	44.94	6.30
5	3	0.91	0.00	-0.80	52.03	53.02	6.30
6	3	1.50	0.00	-0.80	61.64	62.63	6.30
7	3	2.14	0.00	-0.80	69.74	71.22	6.30
8	3	2.84	0.00	-0.80	78.35	79.31	6.30
9	3	3.62	0.00	-0.80	87.46	88.41	6.30
1	4	0.01	0.00	-1.20	19.66	20.17	6.30
2	4	0.03	0.00	-1.20	26.74	27.24	6.30
3	4	0.13	0.00	-1.20	34.83	35.84	6.30
4	4	0.36	0.00	-1.20	43.93	44.94	6.30
5	4	0.73	0.01	-1.20	52.03	53.02	6.30
6	4	1.27	0.00	-1.20	61.14	62.63	6.30
7	4	1.88	0.01	-1.20	69.74	71.22	6.30
8	4	2.56	0.00	-1.20	78.35	79.31	6.30
9	4	3.36	0.00	-1.20	87.44	88.89	6.30
1	5	0.00	0.01	-1.60	19.66	20.17	6.30
2	5	0.01	0.00	-1.60	26.72	27.22	6.30
3	5	0.07	0.00	-1.60	34.83	36.34	6.30
4	5	0.24	0.00	-1.60	43.42	44.43	6.30
5	5	0.54	0.01	-1.60	52.51	53.51	6.30
6	5	1.02	0.01	-1.60	61.11	63.11	6.30
7	5	1.58	0.00	-1.60	70.22	70.69	6.30
8	5	2.22	0.01	-1.60	78.32	79.29	6.30
9	5	2.98	0.01	-1.60	87.43	88.39	6.30
1	6	0.00	0.00	-2.00	20.17	20.67	6.30
2	6	0.00	0.00	-2.00	26.23	27.24	6.30
3	6	0.04	0.00	-2.00	34.83	35.84	6.30
4	6	0.15	0.00	-2.00	43.40	44.91	6.30
5	6	0.38	0.00	-2.00	52.00	53.00	6.30
6	6	0.79	0.00	-2.00	61.61	62.61	6.30
7	6	1.28	0.00	-2.00	69.71	71.20	6.30
8	6	1.87	0.00	-2.00	78.31	79.29	6.30
9	6	2.61	0.00	-2.00	87.42	88.39	6.30
