Data 2
ECF80-TRIODE
Do Not Model
Va	20	90	8
Vs	50	50	0
Vg	0	-2	5
Point	Curve	Ia	Is	Vg	Va	Vs	Vf
1	1	2.56	0.00	0.00	19.13	19.09	6.30
2	1	3.97	0.00	0.00	26.74	28.19	6.30
3	1	5.63	0.00	0.00	34.84	35.75	6.30
4	1	7.48	0.00	0.00	43.49	44.36	6.30
5	1	9.52	0.00	0.00	52.62	53.46	6.30
6	1	11.68	0.00	0.00	61.25	62.56	6.30
7	1	13.82	0.00	0.00	69.89	70.65	6.30
8	1	16.06	0.00	0.00	78.01	79.24	6.30
9	1	18.61	0.01	0.00	87.14	88.32	6.30
1	2	1.87	0.00	-0.40	19.63	20.10	6.30
2	2	2.99	0.00	-0.40	27.23	27.18	6.30
3	2	4.48	0.00	-0.40	34.84	36.27	6.30
4	2	6.22	0.00	-0.40	43.46	44.87	6.30
5	2	8.13	0.00	-0.40	52.60	53.46	6.30
6	2	10.20	0.00	-0.40	61.20	62.03	6.30
7	2	12.28	0.01	-0.40	69.35	71.15	6.30
8	2	14.47	0.00	-0.40	77.98	79.24	6.30
9	2	16.94	0.00	-0.40	87.11	88.32	6.30
1	3	0.90	0.01	-0.80	20.11	19.59	6.30
2	3	1.73	0.01	-0.80	26.70	27.18	6.30
3	3	2.99	0.00	-0.80	35.32	36.27	6.30
4	3	4.50	0.01	-0.80	43.43	44.36	6.30
5	3	6.26	0.00	-0.80	52.54	53.44	6.30
6	3	8.18	0.00	-0.80	61.19	62.56	6.30
7	3	10.14	0.00	-0.80	69.80	71.13	6.30
8	3	12.35	0.00	-0.80	78.43	79.72	6.30
9	3	14.62	0.00	-0.80	87.06	88.82	6.30
1	4	0.36	0.00	-1.20	20.10	20.10	6.30
2	4	0.86	0.00	-1.20	26.69	27.18	6.30
3	4	1.81	0.01	-1.20	35.30	35.77	6.30
4	4	3.05	0.00	-1.20	43.89	44.84	6.30
5	4	4.62	0.00	-1.20	52.51	53.44	6.30
6	4	6.34	0.00	-1.20	61.13	62.03	6.30
7	4	8.18	0.00	-1.20	69.76	71.13	6.30
8	4	10.24	0.00	-1.20	78.90	79.72	6.30
9	4	12.36	0.00	-1.20	87.02	88.32	6.30
1	5	0.11	0.00	-1.60	20.10	20.10	6.30
2	5	0.38	0.00	-1.60	26.68	27.18	6.30
3	5	1.01	0.00	-1.60	35.26	36.25	6.30
4	5	1.96	0.01	-1.60	43.36	44.34	6.30
5	5	3.24	0.00	-1.60	52.49	53.44	6.30
6	5	4.74	0.00	-1.60	61.11	62.03	6.30
7	5	6.37	0.00	-1.60	69.73	70.62	6.30
8	5	8.27	0.00	-1.60	78.86	79.72	6.30
9	5	10.27	0.00	-1.60	87.49	88.32	6.30
1	6	0.02	0.00	-2.00	20.10	20.10	6.30
2	6	0.15	0.00	-2.00	27.18	27.68	6.30
3	6	0.51	0.01	-2.00	35.25	35.75	6.30
4	6	1.18	0.00	-2.00	43.35	44.34	6.30
5	6	2.15	0.00	-2.00	52.47	53.44	6.30
6	6	3.39	0.00	-2.00	61.08	62.54	6.30
7	6	4.78	0.00	-2.00	69.70	70.62	6.30
8	6	6.50	0.00	-2.00	78.32	79.72	6.30
9	6	8.31	0.01	-2.00	86.95	87.81	6.30
